<?xml version="1.0" ?>
<opencv_storage>
  <Channel>3</Channel>
  <Row>224</Row>
  <Col>224</Col>
  <MeanImg type_id="opencv-matrix">
    <rows>1</rows>
    <cols>150528</cols>
    <dt>f</dt>
    <data>1.28e+02 1.28e+02 1.28e+02 1.28e+02 1.28e+02 1.28e+02 1.28e+02 1.28e+02 1.28e+02 1.28e+02
1.28e+02 1.28e+02 1.28e+02 1.28e+02 1.28e+02 1.28e+02 1.28e+02 1.28e+02 1.28e+02 1.28e+02
.
.
.
.
.
1.28e+02 1.28e+02 1.28e+02 1.28e+02 1.28e+02 1.28e+02 1.28e+02 1.28e+02</data>
  </MeanImg>
</opencv_storage>

//Total 150528 elements which  equals 128
